1          2
2          3
3          3
4          3
5          3
6          3
7          3
8          3
9          3
10          3
11          3
12          3
13          3
14          3
15          3
16          3
17          3
18          3
19          3
20          3
21          3
22          3
23          3
24          3
25          3
26          3
27          3
28          3
29          3
30          3
31          3
32          3
33          3
34          3
35          3
36          3
37          3
38          3
39          3
40          3
41          3
42          2
43          3
44          3
45          3
46          3
47          3
48          3
49          3
50          3
51          3
52          3
53          2
54          3
55          3
56          3
57          3
58          3
59          3
60          3
61          3
62          3
63          3
64          2
65          3
66          3
67          3
68          3
69          3
70          3
71          3
72          3
73          3
74          3
75          2
76          3
77          3
78          3
79          3
80          3
81          3
82          3
83          3
84          3
85          3
86          3
87          3
88          3
89          3
90          3
91          3
92          3
93          3
94          3
95          3
96          3
97          3
98          3
99          3
100          2
101          2
102          3
103          3
104          3
105          3
106          3
107          3
108          3
109          3
110          2
111          3
112          3
113          3
114          3
115          3
116          3
117          3
118          3
119          3
120          3
121          2
122          3
123          3
124          3
125          3
126          3
127          3
128          3
129          3
130          3
131          3
132          2
133          3
134          3
135          3
136          3
137          3
138          3
139          3
140          3
141          3
142          3
143          2
144          3
145          3
146          3
147          3
148          3
149          3
150          3
151          3
152          3
153          3
154          2
155          3
156          3
157          3
158          3
159          3
160          3
161          3
162          3
163          3
164          3
165          2
166          3
167          3
168          3
169          3
170          3
171          3
172          3
173          3
174          3
175          3
176          2
177          3
178          3
179          3
180          3
181          3
182          3
183          3
184          3
185          3
186          3
187          2
188          3
189          3
190          3
191          3
192          3
193          3
194          3
195          3
196          3
197          3
198          2
199          3
200          3
201          3
202          3
203          3
204          3
205          3
206          3
207          3
208          3
209          2
210          2
211          3
212          3
213          3
214          3
215          3
216          3
217          3
218          3
219          3
220          3
221          2
222          3
223          3
224          3
225          3
226          3
227          3
228          3
229          3
230          3
231          3
232          2
233          3
234          3
235          3
236          3
237          3
238          3
239          3
240          3
241          3
242          3
243          2
244          3
245          3
246          3
247          3
248          3
249          3
250          3
251          3
252          3
253          3
254          2
255          3
256          3
257          3
258          3
259          3
260          3
261          3
262          3
263          3
264          3
265          2
266          3
267          3
268          3
269          3
270          3
271          3
272          3
273          3
274          3
275          3
276          2
277          3
278          3
279          3
280          3
281          3
282          3
283          3
284          3
285          3
286          3
287          2
288          3
289          3
290          3
291          3
292          3
293          3
294          3
295          3
296          3
297          3
298          2
299          3
300          3
301          3
302          3
303          3
304          3
305          3
306          3
307          3
308          3
309          2
310          3
311          3
312          3
313          3
314          3
315          3
316          3
317          3
318          3
319          3
320          2
321          2
322          3
323          3
324          3
325          3
326          3
327          3
328          3
329          3
330          3
331          3
332          2
333          3
334          3
335          3
336          3
337          3
338          3
339          3
340          3
341          3
342          3
343          2
344          3
345          3
346          3
347          3
348          3
349          3
350          3
351          3
352          3
353          3
354          2
355          3
356          3
357          3
358          3
359          3
360          3
361          3
362          3
363          3
364          3
365          2
366          3
367          3
368          3
369          3
370          3
371          3
372          3
373          3
374          3
375          2
376          2
377          2
378          2
379          2
380          2
381          2
382          2
383          2
384          2
385          2
386          2
387          2
388          2
389          2
390          2
391          2
392          2
393          2
394          2
395          2
396          2
397          2
398          2
399          2
400          2
401          2
402          2
403          2
404          2
405          2
406          2
407          2
408          2
409          2
410          2
411          2
412          2
413          2
414          2
415          2
416          2
417          2
418          2
419          2
420          2
421          2
422          2
423          2
424          2
425          2
426          2
427          2
428          2
429          2
430          2
431          2
432          2
433          2
434          2
435          3
436          1
437          1
438          1
439          1
440          1
441          1
442          1
443          1
444          1
445          1
446          1
447          1
448          1
449          1
450          1
451          1
452          1
453          1
454          1
455          1
456          1
457          1
458          1
459          1
460          1
461          1
462          1
463          1
464          1
465          1
466          1
467          1
468          1
469          1
470          1
471          1
472          1
473          1
474          1
475          1
476          1
477          1
478          1
479          1
480          1
481          1
482          1
483          1
484          1
485          1
486          1
487          1
488          1
489          1
490          1
491          1
492          1
493          1
494          1
495          1
496          1
497          1
498          1
499          1
500          2
501          1
502          1
503          1
504          1
505          1
506          1
507          1
508          1
509          1
510          1
511          1
512          1
513          1
514          1
515          1
516          1
517          1
518          1
519          1
520          2
521          1
522          1
523          1
524          1
525          1
526          1
527          1
528          1
529          2
530          1
531          1
532          1
533          1
534          1
535          1
536          1
537          2
538          1
539          1
540          2
541          1
542          1
543          1
544          2
545          1
546          1
547          1
548          1
549          1
550          2
551          2
552          1
553          1
554          1
555          1
556          1
557          1
558          1
559          1
560          2
561          1
562          1
563          1
564          1
565          1
566          1
567          1
568          1
569          1
570          1
571          1
572          1
573          1
574          1
575          1
576          1
577          1
578          1
579          1
580          1
581          2
582          1
583          1
584          1
585          1
586          1
587          1
588          1
589          1
590          1
591          1
592          2
593          1
594          1
595          1
596          1
597          1
598          1
599          1
600          1
601          1
602          1
603          2
604          1
605          1
606          1
607          1
608          1
609          1
610          1
611          1
612          1
613          1
614          1
615          1
616          1
617          1
618          1
619          1
620          1
621          1
622          1
623          1
624          1
625          2
626          1
627          1
628          1
629          1
630          1
631          1
632          1
633          1
634          1
635          1
636          1
637          1
638          1
639          1
640          1
641          1
642          1
643          1
644          1
645          1
646          1
647          1
648          1
649          2
650          1
651          1
652          1
653          1
654          1
655          1
656          1
657          1
658          1
659          2
660          1
661          1
662          1
663          1
664          1
665          1
666          1
667          1
668          1
669          1
670          1
671          1
672          1
673          1
674          1
675          1
676          1
677          1
678          1
679          1
680          1
681          1
682          1
683          1
684          1
685          1
686          1
687          1
688          1
689          1
690          1
691          1
692          1
693          1
694          1
695          1
696          1
697          1
698          1
699          1
700          1
701          1
702          1
703          1
704          1
705          1
706          1
707          1
708          1
709          1
710          1
711          1
712          1
713          2
714          1
715          1
716          1
717          1
718          1
719          1
720          1
721          1
722          1
723          1
724          1
725          1
726          1
727          1
728          1
729          1
730          1
731          1
732          1
733          1
734          1
735          1
736          1
737          1
738          1
739          1
740          1
741          1
742          1
743          1
744          1
745          1
746          1
747          2
748          1
749          1
750          1
751          1
752          1
753          1
754          1
755          1
756          1
757          1
758          1
759          1
760          1
761          1
762          1
763          1
764          1
765          1
766          1
767          1
768          1
769          1
770          1
771          1
772          1
773          1
774          1
775          1
776          1
777          1
778          1
779          1
780          1
781          1
782          1
783          1
784          1
785          1
786          1
787          1
788          1
789          1
790          1
791          1
792          1
793          1
794          1
795          1
796          1
797          1
798          1
799          1
800          1
801          1
802          1
803          1
804          1
805          1
806          1
807          1
808          1
809          1
810          1
811          1
812          1
813          1
814          1
815          1
816          4
817          4
818          4
819          4
820          4
821          4
822          4
823          4
824          4
825          4
826          4
827          2
828          4
829          4
830          2
831          4
832          4
833          4
834          2
835          2
836          4
837          2
838          4
839          4
840          4
841          4
842          4
843          4
844          4
845          4
846          4
847          4
848          4
849          4
850          4
851          2
852          4
853          4
854          4
855          4
856          4
857          4
858          4
859          4
860          4
861          4
862          4
863          4
864          4
865          4
866          4
867          4
868          4
869          4
870          4
871          4
872          4
873          2
874          4
875          4
876          4
877          4
878          4
879          4
880          4
881          2
882          4
883          4
884          4
885          4
886          4
887          4
888          4
889          4
890          4
891          4
892          4
893          4
894          4
895          2
896          2
897          2
898          2
899          4
900          2
901          2
902          4
903          4
904          4
905          4
906          4
907          2
908          4
909          4
910          4
911          4
912          4
913          4
914          4
915          2
916          4
917          2
918          4
919          2
920          4
921          4
922          4
923          4
924          4
925          4
926          2
927          4
928          2
929          2
930          4
931          2
932          2
933          2
934          4
935          4
936          4
937          4
938          4
939          2
940          2
941          2
942          2
943          2
944          4
945          4
946          2
947          4
948          4
949          2
950          4
951          4
952          4
953          4
954          2
955          2
956          2
957          2
958          2
959          2
960          2
961          2
962          4
963          2
964          4
965          2
966          4
967          2
968          2
969          4
970          2
971          2
972          2
973          4
974          4
975          2
976          2
977          2
978          4
979          4
980          4
981          2
982          2
983          2
984          2
985          4
986          2
987          2
988          2
989          4
990          4
991          4
992          4
993          2
994          2
995          4
996          4
997          2
998          2
999          2
1000          2
1001          4
1002          4
1003          2
1004          2
1005          2
1006          4
1007          4
1008          2
1009          2
1010          2
1011          2
1012          4
1013          4
1014          2
1015          4
1016          2
1017          2
1018          2
1019          2
1020          2
1021          2
1022          2
1023          2
1024          2
1025          2
1026          4
1027          2
1028          2
1029          2
1030          2
1031          2
1032          4
1033          4
1034          2
1035          4
1036          4
1037          4
1038          2
1039          4
1040          2
1041          4
1042          4
1043          2
1044          2
1045          4
1046          2
1047          4
1048          2
1049          2
1050          2
1051          2
1052          4
1053          2
1054          2
1055          2
1056          4
1057          4
1058          4
1059          4
1060          4
1061          4
1062          2
1063          2
1064          2
1065          2
1066          2
1067          2
1068          2
1069          2
1070          2
1071          2
1072          4
1073          4
1074          4
1075          2
1076          2
1077          2
1078          2
1079          4
1080          4
1081          2
1082          4
1083          4
1084          2
1085          4
1086          4
1087          2
1088          2
1089          4
1090          2
1091          4
1092          2
1093          2
1094          2
1095          2
1096          2
1097          2
1098          2
1099          2
1100          4
1101          4
1102          2
1103          4
1104          4
1105          2
1106          2
1107          2
1108          2
1109          4
1110          4
1111          2
1112          2
1113          2
1114          4
1115          2
1116          4
1117          2
1118          2
1119          4
1120          2
1121          2
1122          4
1123          2
1124          4
1125          2
1126          2
1127          2
1128          4
1129          4
1130          4
1131          2
1132          2
1133          2
1134          2
1135          2
1136          2
1137          4
1138          4
1139          4
1140          4
1141          4
1142          2
1143          2
1144          2
1145          2
1146          2
1147          2
1148          4
1149          4
1150          4
1151          4
1152          4
1153          4
1154          4
1155          4
1156          4
1157          4
1158          2
1159          4
1160          2
1161          4
1162          4
1163          2
1164          2
1165          4
1166          4
1167          4
1168          4
1169          2
1170          4
1171          2
1172          2
1173          4
1174          4
1175          2
1176          4
1177          2
1178          4
1179          4
1180          2
1181          2
1182          4
1183          4
1184          4
1185          4
1186          4
1187          4
1188          4
1189          4
1190          4
1191          2
1192          2
1193          2
1194          2
1195          2
1196          4
1197          2
1198          2
1199          4
1200          4
1201          4
1202          4
1203          4
1204          4
1205          4
1206          2
1207          0
1208          0
1209          0
1210          0
1211          2
1212          0
1213          2
1214          0
1215          0
1216          0
1217          0
1218          0
1219          0
1220          0
1221          0
1222          0
1223          0
1224          2
1225          0
1226          0
1227          0
1228          0
1229          0
1230          0
1231          2
1232          0
1233          0
1234          0
1235          0
1236          2
1237          2
1238          0
1239          2
1240          0
1241          0
1242          2
1243          2
1244          2
1245          0
1246          2
1247          0
1248          2
1249          2
1250          0
1251          0
1252          2
1253          0
1254          2
1255          2
1256          0
1257          2
1258          0
1259          0
1260          2
1261          0
1262          0
1263          0
1264          0
1265          2
1266          2
1267          2
1268          2
1269          0
1270          0
1271          2
1272          2
1273          2
1274          2
1275          0
1276          2
1277          0
1278          0
1279          2
1280          0
1281          0
1282          0
1283          0
1284          0
1285          2
1286          0
1287          0
1288          0
1289          0
1290          0
1291          0
1292          2
1293          2
1294          2
1295          0
1296          2
1297          2
1298          0
1299          0
1300          2
1301          0
1302          0
1303          0
1304          2
1305          2
1306          0
1307          0
1308          0
1309          2
1310          0
1311          2
1312          2
1313          0
1314          2
1315          0
1316          2
1317          0
1318          2
1319          2
1320          0
1321          0
1322          0
1323          0
1324          0
1325          2
1326          2
1327          0
1328          2
1329          0
1330          2
1331          0
1332          0
1333          0
1334          0
1335          2
1336          2
1337          2
1338          2
1339          2
1340          2
1341          2
1342          2
1343          2
1344          2
1345          2
1346          2
1347          2
1348          2
1349          2
1350          2
1351          2
1352          2
1353          2
1354          2
1355          2
1356          2
1357          2
1358          2
1359          2
1360          2
1361          2
1362          2
1363          2
1364          2
1365          2
1366          2
1367          2
1368          2
1369          2
1370          2
1371          2
1372          2
1373          2
1374          2
1375          2
1376          2
1377          2
1378          2
1379          2
1380          2
1381          2
1382          2
1383          2
1384          2
1385          2
1386          2
1387          2
1388          2
1389          2
1390          2
1391          2
1392          2
1393          2
1394          2
1395          2
1396          2
1397          2
1398          2
1399          2
1400          2
1401          2
1402          2
1403          2
1404          2
1405          2
1406          2
1407          2
1408          2
1409          2
1410          2
1411          2
1412          2
1413          2
1414          2
1415          2
1416          2
1417          2
1418          2
1419          2
1420          2
1421          2
1422          2
1423          2
1424          2
1425          2
1426          2
1427          2
1428          2
1429          2
1430          2
1431          2
1432          2
1433          2
1434          2
1435          2
1436          2
1437          2
1438          2
1439          2
1440          2
1441          2
1442          2
1443          2
1444          2
1445          2
1446          2
1447          2
1448          2
1449          2
1450          2
1451          2
1452          2
1453          2
1454          2
1455          2
1456          2
1457          2
1458          2
1459          2
1460          2
1461          2
1462          2
1463          2
1464          2
1465          2
1          0
2          1
3          1
4          1
5          1
6          1
7          1
8          1
9          1
10          1
11          1
12          1
13          1
14          1
15          1
16          1
17          1
18          1
19          1
20          1
21          1
22          1
23          1
24          1
25          1
26          1
27          1
28          1
29          1
30          1
31          1
32          1
33          1
34          1
35          1
36          1
37          1
38          1
39          1
40          1
41          1
42          0
43          1
44          1
45          1
46          1
47          1
48          1
49          1
50          1
51          1
52          1
53          0
54          1
55          1
56          1
57          1
58          1
59          1
60          1
61          1
62          1
63          1
64          0
65          1
66          1
67          1
68          1
69          1
70          1
71          1
72          1
73          1
74          1
75          0
76          1
77          1
78          1
79          1
80          1
81          1
82          1
83          1
84          1
85          1
86          1
87          1
88          1
89          1
90          1
91          1
92          1
93          1
94          1
95          1
96          1
97          1
98          1
99          1
100          0
101          0
102          1
103          1
104          1
105          1
106          1
107          1
108          1
109          1
110          0
111          1
112          1
113          1
114          1
115          1
116          1
117          1
118          1
119          1
120          1
121          0
122          1
123          1
124          1
125          1
126          1
127          1
128          1
129          1
130          1
131          1
132          0
133          1
134          1
135          1
136          1
137          1
138          1
139          1
140          1
141          1
142          1
143          0
144          1
145          1
146          1
147          1
148          1
149          1
150          1
151          1
152          1
153          1
154          0
155          1
156          1
157          1
158          1
159          1
160          1
161          1
162          1
163          1
164          1
165          0
166          1
167          1
168          1
169          1
170          1
171          1
172          1
173          1
174          1
175          1
176          0
177          1
178          1
179          1
180          1
181          1
182          1
183          1
184          1
185          1
186          1
187          0
188          1
189          1
190          1
191          1
192          1
193          1
194          1
195          1
196          1
197          1
198          0
199          1
200          1
201          1
202          1
203          1
204          1
205          1
206          1
207          1
208          1
209          0
210          0
211          1
212          1
213          1
214          1
215          1
216          1
217          1
218          1
219          1
220          1
221          0
222          1
223          1
224          1
225          1
226          1
227          1
228          1
229          1
230          1
231          1
232          0
233          1
234          1
235          1
236          1
237          1
238          1
239          1
240          1
241          1
242          1
243          0
244          1
245          1
246          1
247          1
248          1
249          1
250          1
251          1
252          1
253          1
254          0
255          1
256          1
257          1
258          1
259          1
260          1
261          1
262          1
263          1
264          1
265          0
266          1
267          1
268          1
269          1
270          1
271          1
272          1
273          1
274          1
275          1
276          0
277          1
278          1
279          1
280          1
281          1
282          1
283          1
284          1
285          1
286          1
287          0
288          1
289          1
290          1
291          1
292          1
293          1
294          1
295          1
296          1
297          1
298          0
299          1
300          1
301          1
302          1
303          1
304          1
305          1
306          1
307          1
308          1
309          0
310          1
311          1
312          1
313          1
314          1
315          1
316          1
317          1
318          1
319          1
320          0
321          0
322          1
323          1
324          1
325          1
326          1
327          1
328          1
329          1
330          1
331          1
332          0
333          1
334          1
335          1
336          1
337          1
338          1
339          1
340          1
341          1
342          1
343          0
344          1
345          1
346          1
347          1
348          1
349          1
350          1
351          1
352          1
353          1
354          0
355          1
356          1
357          1
358          1
359          1
360          1
361          1
362          1
363          1
364          1
365          0
366          1
367          1
368          1
369          1
370          1
371          1
372          1
373          1
374          1
375          0
376          0
377          0
378          0
379          0
380          0
381          0
382          0
383          0
384          0
385          0
386          0
387          0
388          0
389          0
390          0
391          0
392          0
393          0
394          0
395          0
396          0
397          0
398          0
399          0
400          0
401          0
402          0
403          0
404          0
405          0
406          0
407          0
408          0
409          0
410          0
411          0
412          0
413          0
414          0
415          0
416          0
417          0
418          0
419          0
420          0
421          0
422          0
423          0
424          0
425          0
426          0
427          0
428          0
429          0
430          0
431          0
432          0
433          0
434          0
435          1
436          2
437          2
438          2
439          2
440          2
441          2
442          2
443          2
444          2
445          2
446          2
447          2
448          2
449          2
450          2
451          2
452          2
453          2
454          2
455          2
456          2
457          2
458          2
459          2
460          2
461          2
462          2
463          2
464          2
465          2
466          2
467          2
468          2
469          2
470          2
471          2
472          2
473          2
474          2
475          2
476          2
477          2
478          2
479          2
480          2
481          2
482          2
483          2
484          2
485          2
486          2
487          2
488          2
489          2
490          2
491          2
492          2
493          2
494          2
495          2
496          2
497          2
498          2
499          2
500          0
501          2
502          2
503          2
504          2
505          2
506          2
507          2
508          2
509          2
510          2
511          2
512          2
513          2
514          2
515          2
516          2
517          2
518          2
519          2
520          0
521          2
522          2
523          2
524          2
525          2
526          2
527          2
528          2
529          0
530          2
531          2
532          2
533          2
534          2
535          2
536          2
537          0
538          2
539          2
540          0
541          2
542          2
543          2
544          0
545          2
546          2
547          2
548          2
549          2
550          0
551          0
552          2
553          2
554          2
555          2
556          2
557          2
558          2
559          2
560          0
561          2
562          2
563          2
564          2
565          2
566          2
567          2
568          2
569          2
570          2
571          2
572          2
573          2
574          2
575          2
576          2
577          2
578          2
579          2
580          2
581          0
582          2
583          2
584          2
585          2
586          2
587          2
588          2
589          2
590          2
591          2
592          0
593          2
594          2
595          2
596          2
597          2
598          2
599          2
600          2
601          2
602          2
603          0
604          2
605          2
606          2
607          2
608          2
609          2
610          2
611          2
612          2
613          2
614          2
615          2
616          2
617          2
618          2
619          2
620          2
621          2
622          2
623          2
624          2
625          0
626          2
627          2
628          2
629          2
630          2
631          2
632          2
633          2
634          2
635          2
636          2
637          2
638          2
639          2
640          2
641          2
642          2
643          2
644          2
645          2
646          2
647          2
648          2
649          0
650          2
651          2
652          2
653          2
654          2
655          2
656          2
657          2
658          2
659          0
660          2
661          2
662          2
663          2
664          2
665          2
666          2
667          2
668          2
669          2
670          2
671          2
672          2
673          2
674          2
675          2
676          2
677          2
678          2
679          2
680          2
681          2
682          2
683          2
684          2
685          2
686          2
687          2
688          2
689          2
690          2
691          2
692          2
693          2
694          2
695          2
696          2
697          2
698          2
699          2
700          2
701          2
702          2
703          2
704          2
705          2
706          2
707          2
708          2
709          2
710          2
711          2
712          2
713          0
714          2
715          2
716          2
717          2
718          2
719          2
720          2
721          2
722          2
723          2
724          2
725          2
726          2
727          2
728          2
729          2
730          2
731          2
732          2
733          2
734          2
735          2
736          2
737          2
738          2
739          2
740          2
741          2
742          2
743          2
744          2
745          2
746          2
747          2
748          2
749          2
750          2
751          2
752          2
753          2
754          2
755          2
756          2
757          2
758          2
759          2
760          2
761          2
762          2
763          2
764          2
765          2
766          2
767          2
768          2
769          2
770          2
771          2
772          2
773          2
774          2
775          2
776          2
777          2
778          2
779          2
780          2
781          2
782          2
783          2
784          2
785          2
786          2
787          2
788          2
789          2
790          2
791          2
792          2
793          2
794          2
795          2
796          2
797          2
798          2
799          2
800          2
801          2
802          2
803          2
804          2
805          2
806          2
807          2
808          2
809          2
810          2
811          2
812          2
813          2
814          2
815          2
816          3
817          3
818          3
819          3
820          3
821          3
822          3
823          3
824          3
825          3
826          3
827          0
828          3
829          3
830          0
831          3
832          3
833          3
834          0
835          0
836          3
837          0
838          3
839          3
840          3
841          3
842          3
843          3
844          3
845          3
846          3
847          3
848          3
849          3
850          3
851          0
852          3
853          3
854          3
855          3
856          3
857          3
858          3
859          3
860          3
861          3
862          3
863          3
864          3
865          3
866          3
867          3
868          3
869          3
870          3
871          3
872          3
873          0
874          3
875          3
876          3
877          3
878          3
879          3
880          3
881          0
882          3
883          3
884          3
885          3
886          3
887          3
888          3
889          3
890          3
891          3
892          3
893          3
894          3
895          0
896          0
897          0
898          0
899          3
900          0
901          0
902          3
903          3
904          3
905          3
906          3
907          0
908          3
909          3
910          3
911          3
912          3
913          3
914          3
915          0
916          3
917          0
918          3
919          0
920          3
921          3
922          3
923          3
924          3
925          3
926          3
927          3
928          0
929          3
930          3
931          0
932          0
933          0
934          3
935          3
936          3
937          3
938          3
939          0
940          0
941          0
942          0
943          0
944          3
945          3
946          0
947          3
948          3
949          0
950          3
951          3
952          3
953          3
954          0
955          0
956          0
957          0
958          0
959          0
960          0
961          0
962          3
963          0
964          3
965          0
966          3
967          0
968          0
969          3
970          0
971          0
972          0
973          3
974          3
975          0
976          0
977          0
978          3
979          3
980          3
981          0
982          3
983          0
984          3
985          3
986          0
987          0
988          0
989          3
990          3
991          3
992          3
993          0
994          0
995          3
996          3
997          0
998          0
999          0
1000          0
1001          3
1002          3
1003          0
1004          0
1005          0
1006          3
1007          3
1008          0
1009          0
1010          0
1011          0
1012          3
1013          3
1014          0
1015          3
1016          0
1017          0
1018          0
1019          0
1020          0
1021          0
1022          0
1023          0
1024          0
1025          0
1026          3
1027          0
1028          0
1029          0
1030          0
1031          0
1032          3
1033          3
1034          0
1035          3
1036          3
1037          3
1038          0
1039          3
1040          0
1041          3
1042          3
1043          0
1044          0
1045          3
1046          0
1047          3
1048          0
1049          3
1050          0
1051          3
1052          3
1053          0
1054          0
1055          0
1056          3
1057          3
1058          3
1059          3
1060          3
1061          3
1062          0
1063          0
1064          0
1065          0
1066          0
1067          0
1068          0
1069          0
1070          0
1071          0
1072          3
1073          3
1074          3
1075          0
1076          0
1077          0
1078          0
1079          3
1080          3
1081          0
1082          3
1083          3
1084          0
1085          3
1086          3
1087          0
1088          0
1089          3
1090          0
1091          3
1092          0
1093          0
1094          0
1095          0
1096          0
1097          0
1098          0
1099          0
1100          3
1101          3
1102          0
1103          3
1104          3
1105          0
1106          0
1107          0
1108          0
1109          3
1110          3
1111          0
1112          0
1113          0
1114          3
1115          0
1116          3
1117          0
1118          0
1119          3
1120          0
1121          0
1122          3
1123          0
1124          3
1125          0
1126          0
1127          0
1128          3
1129          3
1130          3
1131          0
1132          0
1133          0
1134          0
1135          0
1136          0
1137          3
1138          3
1139          3
1140          3
1141          3
1142          0
1143          0
1144          0
1145          0
1146          0
1147          0
1148          3
1149          3
1150          3
1151          3
1152          3
1153          3
1154          3
1155          3
1156          3
1157          3
1158          0
1159          3
1160          0
1161          3
1162          3
1163          0
1164          0
1165          3
1166          3
1167          3
1168          3
1169          0
1170          3
1171          0
1172          0
1173          3
1174          3
1175          0
1176          3
1177          0
1178          3
1179          3
1180          0
1181          0
1182          3
1183          3
1184          3
1185          3
1186          3
1187          3
1188          3
1189          3
1190          3
1191          0
1192          0
1193          0
1194          0
1195          0
1196          3
1197          0
1198          0
1199          3
1200          3
1201          3
1202          3
1203          3
1204          3
1205          3
1206          0
1207          4
1208          4
1209          4
1210          4
1211          0
1212          4
1213          0
1214          4
1215          4
1216          4
1217          4
1218          4
1219          4
1220          4
1221          4
1222          4
1223          4
1224          0
1225          4
1226          4
1227          4
1228          4
1229          4
1230          4
1231          0
1232          4
1233          4
1234          4
1235          4
1236          0
1237          0
1238          4
1239          0
1240          4
1241          4
1242          0
1243          0
1244          0
1245          4
1246          0
1247          4
1248          0
1249          0
1250          4
1251          4
1252          0
1253          4
1254          0
1255          0
1256          4
1257          0
1258          4
1259          4
1260          0
1261          0
1262          4
1263          4
1264          4
1265          0
1266          0
1267          0
1268          0
1269          4
1270          4
1271          0
1272          0
1273          0
1274          0
1275          4
1276          0
1277          4
1278          4
1279          0
1280          4
1281          4
1282          4
1283          4
1284          4
1285          0
1286          4
1287          4
1288          4
1289          4
1290          4
1291          4
1292          0
1293          0
1294          0
1295          4
1296          0
1297          0
1298          4
1299          4
1300          0
1301          4
1302          4
1303          4
1304          0
1305          0
1306          4
1307          4
1308          4
1309          0
1310          4
1311          0
1312          0
1313          4
1314          0
1315          4
1316          0
1317          4
1318          0
1319          0
1320          4
1321          4
1322          4
1323          4
1324          4
1325          0
1326          0
1327          4
1328          0
1329          4
1330          0
1331          4
1332          4
1333          4
1334          4
1335          0
1336          0
1337          0
1338          0
1339          0
1340          0
1341          0
1342          0
1343          0
1344          0
1345          0
1346          0
1347          0
1348          0
1349          0
1350          0
1351          0
1352          0
1353          0
1354          0
1355          0
1356          0
1357          0
1358          0
1359          0
1360          0
1361          0
1362          0
1363          0
1364          0
1365          0
1366          0
1367          0
1368          0
1369          0
1370          0
1371          0
1372          0
1373          0
1374          0
1375          0
1376          0
1377          0
1378          0
1379          0
1380          0
1381          0
1382          0
1383          0
1384          0
1385          0
1386          0
1387          0
1388          0
1389          0
1390          0
1391          0
1392          0
1393          0
1394          0
1395          0
1396          0
1397          0
1398          0
1399          0
1400          0
1401          0
1402          0
1403          0
1404          0
1405          0
1406          0
1407          0
1408          0
1409          0
1410          0
1411          0
1412          0
1413          0
1414          0
1415          0
1416          0
1417          0
1418          0
1419          0
1420          0
1421          0
1422          0
1423          0
1424          0
1425          0
1426          0
1427          0
1428          0
1429          0
1430          0
1431          0
1432          0
1433          0
1434          0
1435          0
1436          0
1437          0
1438          0
1439          0
1440          0
1441          0
1442          0
1443          0
1444          0
1445          0
1446          0
1447          0
1448          0
1449          0
1450          0
1451          0
1452          0
1453          0
1454          0
1455          0
1456          0
1457          0
1458          0
1459          0
1460          0
1461          0
1462          0
1463          0
1464          0
1465          0
1          3
2          1
3          1
4          1
5          1
6          1
7          1
8          1
9          1
10          1
11          1
12          1
13          1
14          1
15          1
16          1
17          1
18          1
19          1
20          1
21          1
22          1
23          1
24          1
25          1
26          1
27          1
28          1
29          1
30          1
31          1
32          1
33          1
34          1
35          1
36          1
37          1
38          1
39          1
40          1
41          1
42          3
43          1
44          1
45          1
46          1
47          1
48          1
49          1
50          1
51          1
52          1
53          3
54          1
55          1
56          1
57          1
58          1
59          1
60          1
61          1
62          1
63          1
64          3
65          1
66          1
67          1
68          1
69          1
70          1
71          1
72          1
73          1
74          1
75          3
76          1
77          1
78          1
79          1
80          1
81          1
82          1
83          1
84          1
85          1
86          1
87          1
88          1
89          1
90          1
91          1
92          1
93          1
94          1
95          1
96          1
97          1
98          1
99          1
100          3
101          3
102          1
103          1
104          1
105          1
106          1
107          1
108          1
109          1
110          3
111          1
112          1
113          1
114          1
115          1
116          1
117          1
118          1
119          1
120          1
121          3
122          1
123          1
124          1
125          1
126          1
127          1
128          1
129          1
130          1
131          1
132          3
133          1
134          1
135          1
136          1
137          1
138          1
139          1
140          1
141          1
142          1
143          3
144          1
145          1
146          1
147          1
148          1
149          1
150          1
151          1
152          1
153          1
154          3
155          1
156          1
157          1
158          1
159          1
160          1
161          1
162          1
163          1
164          1
165          3
166          1
167          1
168          1
169          1
170          1
171          1
172          1
173          1
174          1
175          1
176          3
177          1
178          1
179          1
180          1
181          1
182          1
183          1
184          1
185          1
186          1
187          3
188          1
189          1
190          1
191          1
192          1
193          1
194          1
195          1
196          1
197          1
198          3
199          1
200          1
201          1
202          1
203          1
204          1
205          1
206          1
207          1
208          1
209          3
210          3
211          1
212          1
213          1
214          1
215          1
216          1
217          1
218          1
219          1
220          1
221          3
222          1
223          1
224          1
225          1
226          1
227          1
228          1
229          1
230          1
231          1
232          3
233          1
234          1
235          1
236          1
237          1
238          1
239          1
240          1
241          1
242          1
243          3
244          1
245          1
246          1
247          1
248          1
249          1
250          1
251          1
252          1
253          1
254          3
255          1
256          1
257          1
258          1
259          1
260          1
261          1
262          1
263          1
264          1
265          3
266          1
267          1
268          1
269          1
270          1
271          1
272          1
273          1
274          1
275          1
276          3
277          1
278          1
279          1
280          1
281          1
282          1
283          1
284          1
285          1
286          1
287          3
288          1
289          1
290          1
291          1
292          1
293          1
294          1
295          1
296          1
297          1
298          3
299          1
300          1
301          1
302          1
303          1
304          1
305          1
306          1
307          1
308          1
309          3
310          1
311          1
312          1
313          1
314          1
315          1
316          1
317          1
318          1
319          1
320          3
321          3
322          1
323          1
324          1
325          1
326          1
327          1
328          1
329          1
330          1
331          1
332          3
333          1
334          1
335          1
336          1
337          1
338          1
339          1
340          1
341          1
342          1
343          3
344          1
345          1
346          1
347          1
348          1
349          1
350          1
351          1
352          1
353          1
354          3
355          1
356          1
357          1
358          1
359          1
360          1
361          1
362          1
363          1
364          1
365          3
366          1
367          1
368          1
369          1
370          1
371          1
372          1
373          1
374          1
375          3
376          3
377          3
378          3
379          3
380          3
381          3
382          3
383          3
384          3
385          3
386          3
387          3
388          3
389          3
390          3
391          3
392          3
393          3
394          3
395          3
396          3
397          3
398          3
399          3
400          3
401          3
402          3
403          3
404          3
405          3
406          3
407          3
408          3
409          3
410          3
411          3
412          3
413          3
414          3
415          3
416          3
417          3
418          3
419          3
420          3
421          3
422          3
423          3
424          3
425          3
426          3
427          3
428          3
429          3
430          3
431          3
432          3
433          3
434          3
435          1
436          4
437          4
438          4
439          4
440          4
441          4
442          4
443          4
444          4
445          4
446          4
447          4
448          4
449          4
450          4
451          4
452          4
453          4
454          4
455          4
456          4
457          4
458          4
459          4
460          4
461          4
462          4
463          4
464          4
465          4
466          4
467          4
468          4
469          4
470          4
471          4
472          4
473          4
474          4
475          4
476          4
477          4
478          4
479          4
480          4
481          4
482          4
483          4
484          4
485          4
486          4
487          4
488          4
489          4
490          4
491          4
492          4
493          4
494          4
495          4
496          4
497          4
498          4
499          4
500          3
501          4
502          4
503          4
504          4
505          4
506          4
507          4
508          4
509          4
510          4
511          4
512          4
513          4
514          4
515          4
516          4
517          4
518          4
519          4
520          3
521          4
522          4
523          4
524          4
525          4
526          4
527          4
528          4
529          3
530          4
531          4
532          4
533          4
534          4
535          4
536          4
537          3
538          4
539          4
540          3
541          4
542          4
543          4
544          3
545          4
546          4
547          4
548          4
549          4
550          3
551          3
552          4
553          4
554          4
555          4
556          4
557          4
558          4
559          4
560          3
561          4
562          4
563          4
564          4
565          4
566          4
567          4
568          4
569          4
570          4
571          4
572          4
573          4
574          4
575          4
576          4
577          4
578          4
579          4
580          4
581          3
582          4
583          4
584          4
585          4
586          4
587          4
588          4
589          4
590          4
591          4
592          3
593          4
594          4
595          4
596          4
597          4
598          4
599          4
600          4
601          4
602          4
603          3
604          4
605          4
606          4
607          4
608          4
609          4
610          4
611          4
612          4
613          4
614          4
615          4
616          4
617          4
618          4
619          4
620          4
621          4
622          4
623          4
624          4
625          3
626          4
627          4
628          4
629          4
630          4
631          4
632          4
633          4
634          4
635          4
636          4
637          4
638          4
639          4
640          4
641          4
642          4
643          4
644          4
645          4
646          4
647          4
648          4
649          3
650          4
651          4
652          4
653          4
654          4
655          4
656          4
657          4
658          4
659          3
660          4
661          4
662          4
663          4
664          4
665          4
666          4
667          4
668          4
669          4
670          4
671          4
672          4
673          4
674          4
675          4
676          4
677          4
678          4
679          4
680          4
681          4
682          4
683          4
684          4
685          4
686          4
687          4
688          4
689          4
690          4
691          4
692          4
693          4
694          4
695          4
696          4
697          4
698          4
699          4
700          4
701          4
702          4
703          4
704          4
705          4
706          4
707          4
708          4
709          4
710          4
711          4
712          4
713          3
714          4
715          4
716          4
717          4
718          4
719          4
720          4
721          4
722          4
723          4
724          4
725          4
726          4
727          4
728          4
729          4
730          4
731          4
732          4
733          4
734          4
735          4
736          4
737          4
738          4
739          4
740          4
741          4
742          4
743          4
744          4
745          4
746          4
747          4
748          4
749          4
750          4
751          4
752          4
753          4
754          4
755          4
756          4
757          4
758          4
759          4
760          4
761          4
762          4
763          4
764          4
765          4
766          4
767          4
768          4
769          4
770          4
771          4
772          4
773          4
774          4
775          4
776          4
777          4
778          4
779          4
780          4
781          4
782          4
783          4
784          4
785          4
786          4
787          4
788          4
789          4
790          4
791          4
792          4
793          4
794          4
795          4
796          4
797          4
798          4
799          4
800          4
801          4
802          4
803          4
804          4
805          4
806          4
807          4
808          4
809          4
810          4
811          4
812          4
813          4
814          4
815          3
816          0
817          0
818          0
819          0
820          0
821          0
822          0
823          0
824          0
825          0
826          0
827          3
828          0
829          0
830          3
831          0
832          0
833          0
834          3
835          3
836          0
837          3
838          0
839          0
840          0
841          0
842          0
843          0
844          0
845          0
846          0
847          0
848          0
849          0
850          0
851          0
852          0
853          0
854          0
855          0
856          0
857          0
858          0
859          0
860          0
861          0
862          0
863          0
864          0
865          0
866          0
867          0
868          0
869          0
870          0
871          0
872          0
873          3
874          0
875          0
876          0
877          0
878          0
879          0
880          0
881          3
882          0
883          0
884          0
885          0
886          0
887          0
888          0
889          0
890          0
891          0
892          0
893          0
894          0
895          0
896          3
897          0
898          0
899          0
900          3
901          3
902          0
903          0
904          0
905          0
906          0
907          0
908          0
909          0
910          0
911          0
912          0
913          0
914          0
915          3
916          0
917          3
918          0
919          3
920          0
921          0
922          0
923          0
924          0
925          0
926          0
927          0
928          0
929          0
930          0
931          0
932          3
933          3
934          0
935          0
936          0
937          0
938          0
939          3
940          0
941          3
942          0
943          3
944          0
945          0
946          3
947          0
948          0
949          3
950          0
951          0
952          0
953          0
954          0
955          3
956          3
957          3
958          3
959          3
960          3
961          3
962          0
963          3
964          0
965          3
966          0
967          3
968          3
969          0
970          3
971          0
972          3
973          0
974          0
975          3
976          3
977          3
978          0
979          0
980          0
981          3
982          0
983          3
984          0
985          0
986          0
987          3
988          3
989          0
990          0
991          0
992          0
993          3
994          3
995          3
996          0
997          3
998          3
999          3
1000          3
1001          0
1002          0
1003          3
1004          3
1005          3
1006          3
1007          0
1008          3
1009          3
1010          3
1011          3
1012          0
1013          0
1014          3
1015          0
1016          3
1017          3
1018          3
1019          3
1020          3
1021          3
1022          3
1023          3
1024          3
1025          3
1026          0
1027          3
1028          0
1029          3
1030          0
1031          3
1032          0
1033          0
1034          3
1035          0
1036          0
1037          0
1038          3
1039          0
1040          3
1041          0
1042          0
1043          0
1044          3
1045          0
1046          3
1047          0
1048          3
1049          0
1050          3
1051          0
1052          0
1053          3
1054          3
1055          3
1056          0
1057          0
1058          0
1059          0
1060          0
1061          0
1062          3
1063          3
1064          3
1065          3
1066          3
1067          3
1068          3
1069          3
1070          3
1071          3
1072          0
1073          3
1074          0
1075          3
1076          3
1077          3
1078          3
1079          0
1080          0
1081          3
1082          0
1083          0
1084          3
1085          0
1086          0
1087          0
1088          3
1089          0
1090          3
1091          0
1092          3
1093          3
1094          3
1095          0
1096          3
1097          3
1098          3
1099          3
1100          0
1101          0
1102          3
1103          0
1104          0
1105          3
1106          3
1107          3
1108          3
1109          0
1110          0
1111          3
1112          0
1113          3
1114          0
1115          3
1116          0
1117          3
1118          3
1119          0
1120          3
1121          3
1122          0
1123          3
1124          0
1125          3
1126          3
1127          3
1128          0
1129          0
1130          0
1131          0
1132          3
1133          3
1134          3
1135          3
1136          3
1137          0
1138          0
1139          0
1140          0
1141          0
1142          3
1143          3
1144          3
1145          3
1146          3
1147          3
1148          0
1149          0
1150          0
1151          0
1152          0
1153          0
1154          0
1155          0
1156          0
1157          0
1158          3
1159          0
1160          3
1161          0
1162          0
1163          3
1164          3
1165          0
1166          0
1167          0
1168          0
1169          3
1170          0
1171          0
1172          0
1173          0
1174          0
1175          0
1176          0
1177          3
1178          0
1179          0
1180          3
1181          0
1182          0
1183          0
1184          0
1185          0
1186          0
1187          0
1188          0
1189          0
1190          0
1191          3
1192          0
1193          3
1194          0
1195          0
1196          0
1197          3
1198          3
1199          0
1200          0
1201          0
1202          0
1203          0
1204          0
1205          0
1206          3
1207          2
1208          2
1209          2
1210          2
1211          3
1212          2
1213          3
1214          2
1215          2
1216          2
1217          2
1218          2
1219          2
1220          2
1221          2
1222          2
1223          2
1224          3
1225          2
1226          2
1227          2
1228          2
1229          2
1230          2
1231          3
1232          2
1233          2
1234          2
1235          2
1236          3
1237          3
1238          2
1239          3
1240          2
1241          2
1242          3
1243          3
1244          3
1245          2
1246          3
1247          2
1248          3
1249          3
1250          2
1251          2
1252          3
1253          2
1254          3
1255          3
1256          2
1257          3
1258          2
1259          2
1260          3
1261          3
1262          2
1263          2
1264          2
1265          3
1266          3
1267          3
1268          3
1269          2
1270          2
1271          3
1272          3
1273          3
1274          3
1275          2
1276          3
1277          2
1278          2
1279          3
1280          2
1281          2
1282          2
1283          2
1284          2
1285          3
1286          2
1287          2
1288          2
1289          2
1290          2
1291          2
1292          3
1293          3
1294          3
1295          2
1296          3
1297          3
1298          2
1299          2
1300          3
1301          2
1302          2
1303          2
1304          3
1305          3
1306          2
1307          2
1308          2
1309          3
1310          2
1311          3
1312          3
1313          2
1314          3
1315          2
1316          3
1317          2
1318          3
1319          3
1320          2
1321          2
1322          2
1323          2
1324          2
1325          3
1326          3
1327          2
1328          3
1329          2
1330          3
1331          2
1332          2
1333          2
1334          2
1335          3
1336          3
1337          3
1338          3
1339          3
1340          3
1341          3
1342          3
1343          3
1344          3
1345          3
1346          3
1347          3
1348          3
1349          3
1350          3
1351          3
1352          3
1353          3
1354          3
1355          3
1356          3
1357          3
1358          3
1359          3
1360          3
1361          3
1362          3
1363          3
1364          3
1365          3
1366          3
1367          3
1368          3
1369          3
1370          3
1371          3
1372          3
1373          3
1374          3
1375          3
1376          3
1377          3
1378          3
1379          3
1380          3
1381          3
1382          3
1383          3
1384          3
1385          3
1386          3
1387          3
1388          3
1389          3
1390          3
1391          3
1392          3
1393          3
1394          3
1395          3
1396          3
1397          3
1398          3
1399          3
1400          3
1401          3
1402          3
1403          3
1404          3
1405          3
1406          3
1407          3
1408          3
1409          3
1410          3
1411          3
1412          3
1413          3
1414          3
1415          3
1416          3
1417          3
1418          3
1419          3
1420          3
1421          3
1422          3
1423          3
1424          3
1425          3
1426          3
1427          3
1428          3
1429          3
1430          3
1431          3
1432          3
1433          3
1434          3
1435          3
1436          3
1437          3
1438          3
1439          3
1440          3
1441          3
1442          3
1443          3
1444          3
1445          3
1446          3
1447          3
1448          3
1449          3
1450          3
1451          3
1452          3
1453          3
1454          3
1455          3
1456          3
1457          3
1458          3
1459          3
1460          3
1461          3
1462          3
1463          3
1464          3
1465          3
